[0, 0, 0, 0, 0, 0, 0, 0, 0, 0, 0, 0, 0, 0, 0, 0, 0, 0, 0, 0, 0, 0, 0, 0, 0, 0, 0, 0, 0, 0, 0, 0, 0, 0, 0, 0, 0, 0, 0, 0, 0, 0, 0, 0, 0, 0, 0, 0]
[0, 0, 0, 0, 0, 0, 0, 0, 0, 0, 0, 0, 0, 0, 0, 0, 0, 0, 0, 0, 0, 0, 0, 0, 0, 0, 0, 0, 0, 0, 0, 0, 0, 0, 0, 0, 0, 0, 0, 0, 0, 0, 0, 0, 0, 0, 0, 0]
[7, 7, 7, 7, 7, 7, 7, 7, 7, 7, 7, 7, 7, 7, 7, 7, 7, 7, 7, 7, 7, 7, 7, 7, 7, 7, 7, 7, 7, 7, 7, 7, 7, 7, 7, 7, 7, 7, 7, 7, 7, 7, 7, 7, 7, 7, 7, 7]
[1600.0, 35.0, 190.0, 40.0]
[1800.0, 70.0, 280.0, 85.0]
[[503.64, 1011.1, 1011.2, 220.0, 430.0, 310.0, 380.0, 90.0, 190.0, 960.0, 470.0, 620.0, 370.0, 820.0, 440.0, 140.0, 40.0, 240.0, 410.0, 740.0, 0.0, 210.0, 180.0, 5.0, 70.0, 210.0, 5.0, 15.0, 25.0, 160.0, 60.0, 130.0, 45.0, 190.0, 80.0, 100.0, 200.0, 90.0, 200.0, 150.0, 156.0, 15.0, 35.0, 26.8, 137.0, 109.0, 99.1, 84.4], [26.63, 53.45, 53.46, 8.0, 13.0, 4.5, 13.0, 2.5, 17.0, 39.0, 17.0, 9.0, 11.0, 38.0, 15.0, 3.5, 4.0, 10.0, 19.0, 22.0, 0.0, 3.0, 3.0, 0.0, 4.0, 2.5, 0.0, 0.0, 0.0, 1.0, 0.0, 2.5, 0.0, 0.0, 0.0, 3.0, 3.0, 0.0, 3.0, 0.0, 0.6, 0.1, 0.1, 0.2, 9.0, 0.0, 9.4, 0.5], [39.03, 78.35, 78.36, 23.0, 48.0, 46.0, 45.0, 2.0, 8.0, 92.0, 48.0, 92.0, 47.0, 100.0, 46.0, 12.0, 1.0, 23.0, 50.0, 94.0, 0.0, 31.0, 33.0, 0.0, 5.0, 34.0, 0.0, 2.0, 3.0, 33.0, 13.0, 20.0, 11.0, 45.0, 18.0, 12.0, 37.0, 22.0, 37.0, 35.0, 41.4, 3.6, 8.2, 5.3, 1.0, 4.3, 4.3, 21.4], [27.01, 54.22, 54.22, 16.0, 32.0, 23.0, 23.0, 15.0, 4.0, 63.0, 32.0, 46.0, 23.0, 26.0, 31.0, 18.0, 0.0, 16.0, 13.0, 46.0, 0.0, 11.0, 7.0, 0.0, 3.0, 12.0, 0.0, 2.0, 2.0, 4.0, 2.0, 9.0, 0.0, 1.0, 0.0, 6.0, 6.0, 0.0, 6.0, 0.0, 0.9, 0.7, 0.6, 2.9, 4.0, 16.5, 0.9, 1.1]]
[2, 1, 1]
[20, 20, 5, 3]
[-1, -1, -1, -1, -1, -1, -1, -1, -1, -1, -1, -1, -1, -1, -1, -1, -1, -1, -1, -1, -1, -1, -1, -1, -1, -1, -1, -1, -1, -1, -1, -1, -1, -1, -1, -1, -1, -1, -1, -1, 1, 1, 1, 4, 2, 1, 2, 3]
[1700.0, 55.0, 235.0, 65.0]
[[400.0, 400.0, 400.0], [5.0, 5.0, 5.0], [45.0, 45.0, 45.0], [10.0, 10.0, 10.0]]
[[750.0, 750.0, 750.0], [30.0, 30.0, 30.0], [120.0, 120.0, 120.0], [40.0, 40.0, 40.0]]
[[550.0, 550.0, 550.0], [15.0, 15.0, 15.0], [75.0, 75.0, 75.0], [20.0, 20.0, 20.0]]
[0.4, 0.2, 0.2, 0.2]
[0.7, 0.3]
